 67.00  67.00000000
 68.00  68.00000000
 69.00  69.00000000
 69.00  70.00000000
 70.00  70.00000000
 71.00  71.00000000
 71.00  71.00000000
 71.00  72.00000000
 72.00  72.00000000
 72.00  72.00000000
 73.00  73.00000000
 73.00  73.00000000
 73.00  74.00000000
 74.00  74.00000000
 74.00  74.00000000
 75.00  75.00000000
 75.00  75.00000000
 75.00  75.00000000
 76.00  76.00000000
 76.00  76.00000000
 77.00  77.00000000
 77.00  77.00000000
 78.00  78.00000000
 78.00  78.00000000
 79.00  79.00000000
 80.00  80.00000000
 80.00  81.00000000
 81.00  81.00000000
 82.00  82.00000000
 83.00  83.00000000
 84.00  84.00000000
 84.00  85.00000000
 85.00  85.00000000
 86.00  86.00000000
 86.00  87.00000000
 87.00  87.00000000
 88.00  88.00000000
 89.00  89.00000000
 90.00  90.00000000
 91.00  91.00000000
 92.00  92.00000000
 92.00  93.00000000
 93.00  94.00000000
 94.00  95.00000000
 95.00  96.00000000
 96.00  96.00000000
 97.00  97.00000000
 98.00  98.00000000
 99.00  99.00000000
100.00 100.00000000
100.00 101.00000000
101.00 102.00000000
102.00 103.00000000
103.00 103.00000000
104.00 104.00000000
105.00 105.00000000
106.00 106.00000000
107.00 107.00000000
108.00 108.00000000
108.00 109.00000000
109.00 110.00000000
110.00 111.00000000
111.00 112.00000000
112.00 113.00000000
113.00 114.00000000
114.00 114.00000000
115.00 115.00000000
116.00 116.00000000
117.00 117.00000000
118.00 118.00000000
119.00 119.00000000
120.00 120.00000000
121.00 121.00000000
122.00 122.00000000
123.00 123.00000000
124.00 124.00000000
125.00 125.00000000
126.00 126.00000000
127.00 127.00000000
128.00 128.00000000
129.00 129.00000000
130.00 130.00000000
131.00 131.00000000
132.00 132.00000000
133.00 133.00000000
134.00 134.00000000
135.00 135.00000000
136.00 136.00000000
137.00 137.00000000
138.00 138.00000000
139.00 139.00000000
140.00 140.00000000
141.00 141.00000000
142.00 142.00000000
143.00 143.00000000
144.00 144.00000000
145.00 145.00000000
146.00 146.00000000
147.00 147.00000000
148.00 148.00000000
149.00 149.00000000
150.00 150.00000000
151.00 151.00000000
152.00 152.00000000
153.00 153.00000000
154.00 154.00000000
155.00 155.00000000
156.00 156.00000000
157.00 157.00000000
158.00 158.00000000
159.00 159.00000000
160.00 160.00000000
161.00 161.00000000
162.00 162.00000000
163.00 163.00000000
164.00 164.00000000
165.00 165.00000000
166.00 166.00000000
167.00 167.00000000
168.00 168.00000000
169.00 169.00000000
170.00 170.00000000
171.00 171.00000000
172.00 172.00000000
173.00 173.00000000
174.00 174.00000000
175.00 175.00000000
176.00 176.00000000
177.00 177.00000000
178.00 178.00000000
179.00 179.00000000
180.00 180.00000000
181.00 181.00000000
182.00 182.00000000
183.00 183.00000000
184.00 184.00000000
185.00 185.00000000
186.00 186.00000000
187.00 187.00000000
188.00 188.00000000
189.00 189.00000000
190.00 190.00000000
191.00 191.00000000
192.00 192.00000000
193.00 193.00000000
194.00 194.00000000
195.00 195.00000000
196.00 196.00000000
197.00 197.00000000
198.00 198.00000000
199.00 199.00000000
200.00 200.00000000
201.00 201.00000000
202.00 202.00000000
203.00 203.00000000
204.00 204.00000000
205.00 205.00000000
206.00 206.00000000
207.00 207.00000000
207.00 208.00000000
208.00 209.00000000
209.00 210.00000000
210.00 211.00000000
211.00 212.00000000
212.00 213.00000000
213.00 214.00000000
214.00 215.00000000
215.00 216.00000000
216.00 217.00000000
217.00 218.00000000
218.00 219.00000000
219.00 220.00000000
220.00 221.00000000
221.00 222.00000000
222.00 223.00000000
223.00 224.00000000
224.00 225.00000000
225.00 226.00000000
226.00 227.00000000
227.00 228.00000000
228.00 229.00000000
229.00 230.00000000
230.00 231.00000000
231.00 232.00000000
232.00 233.00000000
233.00 234.00000000
234.00 235.00000000
235.00 236.00000000
236.00 237.00000000
237.00 238.00000000
238.00 239.00000000
239.00 240.00000000
240.00 241.00000000
241.00 242.00000000
242.00 243.00000000
243.00 244.00000000
244.00 245.00000000
245.00 246.00000000
246.00 247.00000000
247.00 248.00000000
248.00 249.00000000
249.00 250.00000000
250.00 251.00000000
251.00 252.00000000
252.00 253.00000000
253.00 254.00000000
254.00 255.00000000
255.00 256.00000000
256.00 257.00000000
257.00 258.00000000
258.00 259.00000000
259.00 260.00000000
260.00 261.00000000
261.00 262.00000000
262.00 263.00000000
263.00 264.00000000
264.00 265.00000000
265.00 266.00000000
266.00 267.00000000
267.00 267.00000000
268.00 268.00000000
269.00 269.00000000
270.00 270.00000000
270.00 271.00000000
271.00 272.00000000
272.00 273.00000000
273.00 274.00000000
274.00 275.00000000
275.00 275.00000000
276.00 276.00000000
277.00 277.00000000
278.00 278.00000000
279.00 279.00000000
280.00 280.00000000
281.00 281.00000000
282.00 282.00000000
283.00 283.00000000
284.00 284.00000000
284.00 285.00000000
285.00 285.00000000
286.00 286.00000000
286.00 287.00000000
287.00 288.00000000
288.00 288.00000000
289.00 289.00000000
289.00 290.00000000
290.00 291.00000000
291.00 291.00000000
292.00 292.00000000
292.00 293.00000000
293.00 294.00000000
294.00 294.00000000
295.00 295.00000000
295.00 296.00000000
296.00 297.00000000
297.00 297.00000000
298.00 298.00000000
299.00 299.00000000
300.00 300.00000000
300.00 300.00000000
301.00 301.00000000
301.00 302.00000000
302.00 303.00000000
303.00 304.00000000
304.00 304.00000000
305.00 305.00000000
306.00 306.00000000
306.00 307.00000000
307.00 308.00000000
308.00 309.00000000
309.00 309.00000000
309.00 309.00000000
310.00 310.00000000
311.00 311.00000000
311.00 312.00000000
312.00 313.00000000
313.00 313.00000000
314.00 314.00000000
314.00 315.00000000
315.00 315.00000000
316.00 316.00000000
317.00 317.00000000
317.00 318.00000000
318.00 318.00000000
319.00 319.00000000
320.00 320.00000000
320.00 321.00000000
321.00 322.00000000
322.00 322.00000000
323.00 323.00000000
324.00 324.00000000
325.00 325.00000000
325.00 326.00000000
326.00 327.00000000
327.00 327.00000000
328.00 328.00000000
329.00 329.00000000
329.00 330.00000000
330.00 331.00000000
331.00 332.00000000
332.00 333.00000000
333.00 334.00000000
334.00 334.00000000
335.00 335.00000000
336.00 336.00000000
337.00 337.00000000
337.00 338.00000000
338.00 339.00000000
339.00 340.00000000
340.00 340.00000000
341.00 341.00000000
342.00 342.00000000
343.00 343.00000000
344.00 344.00000000
345.00 345.00000000
346.00 346.00000000
346.00 347.00000000
347.00 348.00000000
348.00 348.00000000
349.00 349.00000000
350.00 350.00000000
350.00 351.00000000
351.00 352.00000000
352.00 352.00000000
353.00 353.00000000
353.00 354.00000000
354.00 354.00000000
355.00 355.00000000
356.00 356.00000000
357.00 357.00000000
357.00 357.00000000
357.00 358.00000000
358.00 358.00000000
358.00 358.00000000
358.00 358.00000000
358.00 358.00000000
358.00 358.00000000
358.00 358.00000000
358.00 358.00000000
358.00 358.00000000
358.00 358.00000000
358.00 358.00000000
358.00 358.00000000
358.00 358.00000000
358.00 358.00000000
358.00 358.00000000
358.00 358.00000000
358.00 358.00000000
358.00 358.00000000
358.00 358.00000000
358.00 358.00000000
358.00 358.00000000
358.00 358.00000000
358.00 358.00000000
358.00 358.00000000
358.00 358.00000000
358.00 358.00000000
358.00 358.00000000
358.00 358.00000000
358.00 358.00000000
358.00 358.00000000
358.00 358.00000000
358.00 358.00000000
358.00 358.00000000
358.00 358.00000000
358.00 358.00000000
358.00 358.00000000
358.00 358.00000000
358.00 359.00000000
359.00 359.00000000
359.00 359.00000000
359.00 359.00000000
359.00 359.00000000
359.00 359.00000000
360.00 360.00000000
360.00 361.00000000
361.00 392.00000000
392.00 392.00000000
392.00 393.00000000
393.00 393.00000000
393.00 394.00000000
394.00 394.00000000
394.00 394.00000000
395.00 395.00000000
395.00 395.00000000
396.00 396.00000000
396.00 397.00000000
397.00 397.00000000
398.00 398.00000000
398.00 398.00000000
399.00 399.00000000
399.00 400.00000000
400.00 400.00000000
401.00 401.00000000
401.00 401.00000000
402.00 402.00000000
402.00 402.00000000
403.00 403.00000000
403.00 404.00000000
404.00 404.00000000
404.00 405.00000000
405.00 405.00000000
405.00 406.00000000
406.00 406.00000000
406.00 407.00000000
407.00 407.00000000
408.00 408.00000000
408.00 408.00000000
409.00 409.00000000
409.00 410.00000000
410.00 410.00000000
410.00 411.00000000
411.00 411.00000000
412.00 412.00000000
412.00 412.00000000
413.00 413.00000000
413.00 413.00000000
413.00 414.00000000
414.00 414.00000000
414.00 415.00000000
415.00 415.00000000
415.00 416.00000000
416.00 416.00000000
416.00 417.00000000
417.00 417.00000000
418.00 418.00000000
418.00 419.00000000
419.00 419.00000000
419.00 420.00000000
420.00 420.00000000
421.00 421.00000000
421.00 422.00000000
422.00 422.00000000
422.00 423.00000000
423.00 423.00000000
424.00 424.00000000
424.00 425.00000000
425.00 425.00000000
426.00 426.00000000
426.00 427.00000000
427.00 427.00000000
428.00 428.00000000
428.00 429.00000000
429.00 429.00000000
430.00 430.00000000
430.00 431.00000000
431.00 431.00000000
432.00 432.00000000
432.00 433.00000000
433.00 433.00000000
434.00 434.00000000
434.00 435.00000000
435.00 436.00000000
436.00 436.00000000
437.00 437.00000000
437.00 438.00000000
438.00 438.00000000
438.00 439.00000000
439.00 439.00000000
440.00 440.00000000
440.00 441.00000000
441.00 441.00000000
442.00 442.00000000
443.00 443.00000000
443.00 444.00000000
444.00 444.00000000
444.00 444.00000000
444.00 445.00000000
445.00 445.00000000
445.00 445.00000000
445.00 445.00000000
445.00 445.00000000
445.00 446.00000000
446.00 446.00000000
447.00 447.00000000
447.00 448.00000000
448.00 448.00000000
449.00 449.00000000
450.00 450.00000000
451.00 451.00000000
452.00 452.00000000
453.00 453.00000000
454.00 454.00000000
454.00 455.00000000
455.00 456.00000000
456.00 457.00000000
457.00 457.00000000
458.00 458.00000000
459.00 459.00000000
459.00 460.00000000
460.00 461.00000000
461.00 462.00000000
462.00 463.00000000
463.00 463.00000000
464.00 464.00000000
464.00 465.00000000
465.00 465.00000000
466.00 466.00000000
467.00 467.00000000
468.00 468.00000000
469.00 469.00000000
469.00 470.00000000
470.00 471.00000000
471.00 471.00000000
472.00 472.00000000
473.00 473.00000000
474.00 474.00000000
475.00 475.00000000
476.00 476.00000000
477.00 477.00000000
477.00 478.00000000
478.00 479.00000000
479.00 479.00000000
480.00 480.00000000
481.00 481.00000000
481.00 482.00000000
482.00 482.00000000
483.00 483.00000000
484.00 484.00000000
484.00 484.00000000
485.00 485.00000000
485.00 485.00000000
486.00 486.00000000
486.00 486.00000000
487.00 487.00000000
487.00 488.00000000
488.00 488.00000000
488.00 489.00000000
489.00 489.00000000
490.00 490.00000000
490.00 491.00000000
491.00 492.00000000
492.00 492.00000000
493.00 493.00000000
494.00 494.00000000
495.00 495.00000000
495.00 496.00000000
496.00 497.00000000
497.00 497.00000000
498.00 498.00000000
499.00 499.00000000
500.00 500.00000000
501.00 501.00000000
502.00 502.00000000
503.00 503.00000000
503.00 504.00000000
504.00 505.00000000
505.00 506.00000000
506.00 507.00000000
507.00 507.00000000
508.00 508.00000000
508.00 509.00000000
509.00 510.00000000
510.00 511.00000000
511.00 512.00000000
512.00 512.00000000
513.00 513.00000000
514.00 514.00000000
515.00 515.00000000
516.00 516.00000000
517.00 517.00000000
518.00 518.00000000
519.00 519.00000000
519.00 520.00000000
520.00 521.00000000
521.00 522.00000000
522.00 523.00000000
523.00 524.00000000
524.00 525.00000000
525.00 526.00000000
526.00 527.00000000
527.00 528.00000000
528.00 529.00000000
529.00 530.00000000
530.00 531.00000000
531.00 532.00000000
532.00 532.00000000
533.00 533.00000000
533.00 534.00000000
534.00 535.00000000
535.00 536.00000000
536.00 537.00000000
537.00 538.00000000
538.00 539.00000000
539.00 540.00000000
540.00 541.00000000
541.00 542.00000000
542.00 543.00000000
543.00 544.00000000
544.00 545.00000000
545.00 546.00000000
546.00 547.00000000
547.00 547.00000000
547.00 548.00000000
548.00 549.00000000
549.00 549.00000000
676.00 676.00000000
676.00 677.00000000
677.00 677.00000000
677.00 678.00000000
678.00 678.00000000
679.00 679.00000000
680.00 680.00000000
680.00 681.00000000
681.00 682.00000000
682.00 683.00000000
683.00 684.00000000
684.00 685.00000000
685.00 686.00000000
686.00 687.00000000
687.00 688.00000000
688.00 689.00000000
689.00 690.00000000
690.00 691.00000000
691.00 692.00000000
692.00 693.00000000
693.00 694.00000000
694.00 695.00000000
695.00 696.00000000
696.00 697.00000000
697.00 698.00000000
698.00 699.00000000
699.00 700.00000000
700.00 701.00000000
701.00 702.00000000
702.00 703.00000000
703.00 704.00000000
704.00 705.00000000
705.00 705.00000000
706.00 706.00000000
707.00 707.00000000
708.00 708.00000000
709.00 709.00000000
710.00 710.00000000
711.00 711.00000000
712.00 712.00000000
713.00 713.00000000
714.00 714.00000000
714.00 714.00000000
715.00 715.00000000
716.00 716.00000000
717.00 717.00000000
718.00 718.00000000
719.00 719.00000000
720.00 720.00000000
721.00 721.00000000
722.00 722.00000000
723.00 723.00000000
724.00 724.00000000
725.00 725.00000000
726.00 726.00000000
726.00 727.00000000
727.00 728.00000000
728.00 729.00000000
729.00 729.00000000
730.00 730.00000000
731.00 731.00000000
732.00 732.00000000
732.00 733.00000000
733.00 733.00000000
733.00 733.00000000
733.00 733.00000000
733.00 733.00000000
733.00 733.00000000
733.00 733.00000000
734.00 734.00000000
734.00 734.00000000
734.00 734.00000000
734.00 735.00000000
735.00 735.00000000
735.00 735.00000000
735.00 735.00000000
735.00 736.00000000
736.00 736.00000000
736.00 736.00000000
736.00 736.00000000
737.00 737.00000000
737.00 737.00000000
737.00 737.00000000
737.00 737.00000000
737.00 738.00000000
738.00 738.00000000
738.00 738.00000000
738.00 739.00000000
739.00 739.00000000
739.00 739.00000000
739.00 739.00000000
740.00 740.00000000
740.00 740.00000000
740.00 740.00000000
740.00 741.00000000
741.00 741.00000000
741.00 741.00000000
741.00 742.00000000
742.00 742.00000000
742.00 742.00000000
742.00 742.00000000
743.00 743.00000000
743.00 743.00000000
743.00 743.00000000
744.00 744.00000000
744.00 744.00000000
744.00 744.00000000
745.00 745.00000000
745.00 745.00000000
745.00 745.00000000
745.00 746.00000000
746.00 746.00000000
746.00 746.00000000
746.00 747.00000000
747.00 747.00000000
747.00 747.00000000
747.00 747.00000000
747.00 747.00000000
747.00 748.00000000
748.00 748.00000000
748.00 748.00000000
748.00 748.00000000
749.00 749.00000000
749.00 749.00000000
749.00 749.00000000
749.00 750.00000000
750.00 750.00000000
750.00 750.00000000
750.00 750.00000000
750.00 750.00000000
751.00 751.00000000
751.00 751.00000000
752.00 752.00000000
752.00 752.00000000
753.00 753.00000000
753.00 753.00000000
754.00 754.00000000
754.00 754.00000000
754.00 754.00000000
754.00 754.00000000
754.00 755.00000000
755.00 755.00000000
755.00 756.00000000
756.00 756.00000000
756.00 756.00000000
757.00 757.00000000
757.00 757.00000000
757.00 758.00000000
758.00 758.00000000
758.00 758.00000000
758.00 758.00000000
759.00 759.00000000
759.00 759.00000000
759.00 760.00000000
760.00 760.00000000
760.00 761.00000000
761.00 761.00000000
761.00 761.00000000
762.00 762.00000000
762.00 762.00000000
763.00 763.00000000
763.00 763.00000000
763.00 764.00000000
764.00 764.00000000
765.00 765.00000000
765.00 765.00000000
765.00 766.00000000
766.00 766.00000000
766.00 766.00000000
767.00 767.00000000
767.00 767.00000000
768.00 768.00000000
768.00 769.00000000
769.00 769.00000000
769.00 770.00000000
770.00 770.00000000
771.00 771.00000000
771.00 771.00000000
772.00 772.00000000
772.00 773.00000000
773.00 773.00000000
774.00 774.00000000
774.00 775.00000000
775.00 775.00000000
775.00 776.00000000
776.00 776.00000000
777.00 777.00000000
778.00 778.00000000
778.00 778.00000000
779.00 779.00000000
779.00 779.00000000
780.00 780.00000000
780.00 780.00000000
780.00 780.00000000
781.00 781.00000000
781.00 782.00000000
782.00 782.00000000
783.00 783.00000000
783.00 784.00000000
784.00 784.00000000
784.00 785.00000000
785.00 785.00000000
785.00 785.00000000
785.00 786.00000000
786.00 786.00000000
786.00 787.00000000
787.00 787.00000000
787.00 788.00000000
788.00 788.00000000
789.00 789.00000000
789.00 789.00000000
789.00 789.00000000
790.00 790.00000000
790.00 790.00000000
790.00 791.00000000
791.00 791.00000000
792.00 792.00000000
792.00 792.00000000
792.00 792.00000000
792.00 792.00000000
793.00 793.00000000
793.00 793.00000000
794.00 794.00000000
794.00 795.00000000
795.00 795.00000000
795.00 796.00000000
796.00 796.00000000
796.00 796.00000000
796.00 797.00000000
797.00 797.00000000
797.00 797.00000000
798.00 798.00000000
798.00 798.00000000
798.00 799.00000000
799.00 799.00000000
799.00 800.00000000
800.00 800.00000000
800.00 800.00000000
801.00 801.00000000
801.00 801.00000000
802.00 802.00000000
802.00 802.00000000
802.00 802.00000000
803.00 803.00000000
803.00 803.00000000
803.00 804.00000000
804.00 804.00000000
804.00 804.00000000
805.00 805.00000000
805.00 805.00000000
805.00 805.00000000
806.00 806.00000000
806.00 806.00000000
807.00 807.00000000
808.00 808.00000000
808.00 809.00000000
809.00 809.00000000
810.00 810.00000000
811.00 811.00000000
812.00 812.00000000
813.00 813.00000000
814.00 814.00000000
815.00 815.00000000
816.00 816.00000000
817.00 817.00000000
817.00 818.00000000
818.00 818.00000000
818.00 818.00000000
819.00 819.00000000
819.00 819.00000000
819.00 819.00000000
819.00 819.00000000
819.00 820.00000000
820.00 820.00000000
820.00 820.00000000
820.00 820.00000000
821.00 821.00000000
821.00 821.00000000
821.00 821.00000000
822.00 822.00000000
822.00 822.00000000
822.00 823.00000000
823.00 823.00000000
823.00 823.00000000
823.00 823.00000000
824.00 824.00000000
824.00 824.00000000
824.00 824.00000000
824.00 825.00000000
825.00 825.00000000
825.00 825.00000000
825.00 826.00000000
826.00 826.00000000
826.00 826.00000000
826.00 827.00000000
827.00 827.00000000
827.00 827.00000000
827.00 828.00000000
828.00 828.00000000
828.00 828.00000000
828.00 829.00000000
829.00 829.00000000
829.00 829.00000000
830.00 830.00000000
830.00 830.00000000
830.00 831.00000000
831.00 831.00000000
831.00 831.00000000
831.00 831.00000000
832.00 832.00000000
832.00 832.00000000
832.00 832.00000000
833.00 833.00000000
833.00 833.00000000
833.00 834.00000000
834.00 834.00000000
834.00 834.00000000
835.00 835.00000000
835.00 835.00000000
835.00 836.00000000
836.00 836.00000000
836.00 836.00000000
836.00 836.00000000
837.00 837.00000000
837.00 837.00000000
837.00 837.00000000
838.00 838.00000000
838.00 838.00000000
839.00 839.00000000
839.00 839.00000000
839.00 839.00000000
840.00 840.00000000
840.00 840.00000000
840.00 840.00000000
841.00 841.00000000
841.00 841.00000000
841.00 841.00000000
841.00 842.00000000
842.00 842.00000000
842.00 842.00000000
842.00 843.00000000
843.00 844.00000000
844.00 845.00000000
845.00 846.00000000
846.00 847.00000000
847.00 848.00000000
848.00 849.00000000
849.00 850.00000000
850.00 851.00000000
851.00 852.00000000
852.00 853.00000000
853.00 854.00000000
854.00 855.00000000
855.00 856.00000000
856.00 857.00000000
857.00 858.00000000
858.00 859.00000000
859.00 860.00000000
860.00 861.00000000
861.00 862.00000000
862.00 862.00000000
863.00 863.00000000
864.00 864.00000000
865.00 865.00000000
866.00 866.00000000
866.00 867.00000000
867.00 868.00000000
868.00 868.00000000
869.00 869.00000000
870.00 870.00000000
871.00 871.00000000
872.00 872.00000000
873.00 873.00000000
873.00 874.00000000
874.00 875.00000000
875.00 875.00000000
876.00 876.00000000
877.00 877.00000000
877.00 878.00000000
878.00 878.00000000
